# Cluster-median assignment
# Andreu Meca and Jan Leyva

# Number of points
param m := 73;

# Matrix of Euclidean distances
param d : 	1	2	3	4	5	6	7	8	9	10	11	12	13	14	15	16	17	18	19	20	21	22	23	24	25	26	27	28	29	30	31	32	33	34	35	36	37	38	39	40	41	42	43	44	45	46	47	48	49	50	51	52	53	54	55	56	57	58	59	60	61	62	63	64	65	66	67	68	69	70	71	72	73 :=
1	0.0000 	2046.4118 	4243.8462 	4849.8571 	1819.7083 	4136.9000 	3743.0625 	5370.3103 	6059.0417 	8439.1333 	727.0952 	1578.9091 	2251.7778 	10407.7429 	8086.1250 	2774.6154 	9346.6154 	16751.1429 	11959.6000 	18314.0000 	6390.9500 	15726.7742 	5648.0000 	11101.1379 	6400.8333 	5392.4500 	14384.7500 	6081.6176 	7651.7600 	10690.1053 	6905.8571 	4491.4615 	4551.0000 	3869.5833 	4956.9200 	5334.1053 	7893.1000 	15126.8889 	8521.7273 	3540.3333 	21.2310 	4318.5714 	9100.3333 	4361.4000 	4956.6400 	2359.6191 	1040.4091 	2251.1250 	4118.0000 	4321.4500 	7624.1429 	3198.4000 	3864.1579 	3229.0000 	6216.7500 	562.1000 	5131.3846 	4212.2500 	437.0000 	2491.6111 	4720.7619 	1251.1429 	3886.0000 	1431.0500 	274.8750 	1246.5000 	3136.4000 	367.7000 	893.6000 	1021.2000 	1824.0000 	2136.3333 	1361.0000 
2	2046.4118 	0.0000 	2197.4344 	2803.4454 	226.7034 	2090.4882 	1696.6507 	3323.8986 	4012.6299 	6392.7216 	2773.5070 	467.5027 	205.3660 	8361.3311 	6039.7132 	728.2036 	7300.2036 	14704.7311 	9913.1882 	16267.5882 	4344.5382 	13680.3624 	3601.5882 	9054.7262 	4354.4216 	3346.0382 	12338.3382 	4035.2059 	5605.3482 	8643.6935 	4859.4454 	2445.0498 	2504.5882 	1823.1716 	2910.5082 	3287.6935 	5846.6882 	13080.4771 	6475.3155 	1493.9216 	2067.6425 	2272.1597 	7053.9216 	2314.9882 	2910.2282 	313.2073 	1006.0027 	204.7132 	2071.5882 	2275.0382 	5577.7311 	1151.9882 	1817.7461 	1182.5882 	4170.3382 	1484.3118 	3084.9729 	2165.8382 	2483.4118 	445.1994 	2674.3501 	795.2689 	1839.5882 	615.3618 	1771.5368 	3292.9118 	1089.9882 	2414.1118 	2940.0118 	3067.6118 	3870.4118 	4182.7451 	3407.4118 
3	4243.8462 	2197.4344 	0.0000 	606.0110 	2424.1378 	106.9462 	500.7837 	1126.4642 	1815.1955 	4195.2872 	4970.9414 	2664.9371 	1992.0684 	6163.8967 	3842.2788 	1469.2308 	5102.7692 	12507.2967 	7715.7538 	14070.1539 	2147.1038 	11482.9280 	1404.1538 	6857.2918 	2156.9872 	1148.6038 	10140.9039 	1837.7715 	3407.9138 	6446.2591 	2662.0110 	247.6154 	307.1539 	374.2628 	713.0738 	1090.2591 	3649.2538 	10883.0427 	4277.8811 	703.5128 	4265.0769 	74.7253 	4856.4872 	117.5539 	712.7938 	1884.2271 	3203.4371 	1992.7212 	125.8462 	77.6039 	3380.2967 	1045.4462 	379.6883 	1014.8462 	1972.9038 	3681.7462 	887.5385 	31.5962 	4680.8462 	1752.2350 	476.9158 	2992.7033 	357.8462 	2812.7962 	3968.9712 	5490.3462 	1107.4462 	4611.5462 	5137.4462 	5265.0462 	6067.8462 	6380.1795 	5604.8462 
4	4849.8571 	2803.4454 	606.0110 	0.0000 	3030.1488 	712.9571 	1106.7946 	520.4532 	1209.1845 	3589.2762 	5576.9524 	3270.9481 	2598.0794 	5557.8857 	3236.2679 	2075.2418 	4496.7582 	11901.2857 	7109.7429 	13464.1429 	1541.0929 	10876.9171 	798.1429 	6251.2808 	1550.9762 	542.5929 	9534.8929 	1231.7605 	2801.9029 	5840.2481 	2056.0000 	358.3956 	298.8571 	980.2738 	107.0629 	484.2481 	3043.2429 	10277.0318 	3671.8701 	1309.5238 	4871.0879 	531.2857 	4250.4762 	488.4571 	106.7829 	2490.2381 	3809.4481 	2598.7321 	731.8571 	528.4071 	2774.2857 	1651.4571 	985.6993 	1620.8571 	1366.8929 	4287.7571 	281.5275 	637.6071 	5286.8571 	2358.2460 	129.0953 	3598.7143 	963.8571 	3418.8071 	4574.9821 	6096.3571 	1713.4571 	5217.5571 	5743.4571 	5871.0571 	6673.8571 	6986.1905 	6210.8571 
5	1819.7083 	226.7034 	2424.1378 	3030.1488 	0.0000 	2317.1917 	1923.3542 	3550.6020 	4239.3333 	6619.4250 	2546.8036 	240.7992 	432.0694 	8588.0345 	6266.4167 	954.9071 	7526.9071 	14931.4345 	10139.8917 	16494.2917 	4571.2417 	13907.0659 	3828.2917 	9281.4296 	4581.1250 	3572.7417 	12565.0417 	4261.9093 	5832.0517 	8870.3969 	5086.1488 	2671.7532 	2731.2917 	2049.8750 	3137.2117 	3514.3969 	6073.3917 	13307.1806 	6702.0189 	1720.6250 	1840.9391 	2498.8631 	7280.6250 	2541.6917 	3136.9317 	539.9107 	779.2992 	431.4167 	2298.2917 	2501.7417 	5804.4345 	1378.6917 	2044.4496 	1409.2917 	4397.0417 	1257.6083 	3311.6763 	2392.5417 	2256.7083 	671.9028 	2901.0536 	568.5655 	2066.2917 	388.6583 	1544.8333 	3066.2083 	1316.6917 	2187.4083 	2713.3083 	2840.9083 	3643.7083 	3956.0417 	3180.7083 
6	4136.9000 	2090.4882 	106.9462 	712.9571 	2317.1917 	0.0000 	393.8375 	1233.4103 	1922.1417 	4302.2333 	4863.9952 	2557.9909 	1885.1222 	6270.8429 	3949.2250 	1362.2846 	5209.7154 	12614.2429 	7822.7000 	14177.1000 	2254.0500 	11589.8742 	1511.1000 	6964.2379 	2263.9333 	1255.5500 	10247.8500 	1944.7176 	3514.8600 	6553.2053 	2768.9571 	354.5615 	414.1000 	267.3167 	820.0200 	1197.2053 	3756.2000 	10989.9889 	4384.8273 	596.5667 	4158.1308 	181.6714 	4963.4333 	224.5000 	819.7400 	1777.2810 	3096.4909 	1885.7750 	18.9001 	184.5500 	3487.2429 	938.5000 	272.7421 	907.9000 	2079.8500 	3574.8000 	994.4846 	75.3500 	4573.9000 	1645.2889 	583.8619 	2885.7571 	250.9000 	2705.8500 	3862.0250 	5383.4000 	1000.5000 	4504.6000 	5030.5000 	5158.1000 	5960.9000 	6273.2333 	5497.9000 
7	3743.0625 	1696.6507 	500.7837 	1106.7946 	1923.3542 	393.8375 	0.0000 	1627.2478 	2315.9792 	4696.0708 	4470.1577 	2164.1534 	1491.2847 	6664.6804 	4343.0625 	968.4471 	5603.5529 	13008.0804 	8216.5375 	14570.9375 	2647.8875 	11983.7117 	1904.9375 	7358.0754 	2657.7708 	1649.3875 	10641.6875 	2338.5551 	3908.6975 	6947.0428 	3162.7946 	748.3990 	807.9375 	126.5209 	1213.8575 	1591.0428 	4150.0375 	11383.8264 	4778.6648 	202.7292 	3764.2933 	575.5089 	5357.2708 	618.3375 	1213.5775 	1383.4435 	2702.6534 	1491.9375 	374.9375 	578.3875 	3881.0804 	544.6625 	121.0954 	514.0625 	2473.6875 	3180.9625 	1388.3221 	469.1875 	4180.0625 	1251.4514 	977.6994 	2491.9196 	142.9375 	2312.0125 	3468.1875 	4989.5625 	606.6625 	4110.7625 	4636.6625 	4764.2625 	5567.0625 	5879.3958 	5104.0625 
8	5370.3103 	3323.8986 	1126.4642 	520.4532 	3550.6020 	1233.4103 	1627.2478 	0.0000 	688.7313 	3068.8230 	6097.4056 	3791.4013 	3118.5326 	5037.4325 	2715.8147 	2595.6950 	3976.3050 	11380.8325 	6589.2897 	12943.6897 	1020.6397 	10356.4639 	277.6897 	5730.8276 	1030.5230 	22.1398 	9014.4397 	711.3073 	2281.4497 	5319.7949 	1535.5468 	878.8488 	819.3103 	1500.7270 	413.3903 	36.2051 	2522.7897 	9756.5785 	3151.4169 	1829.9770 	5391.5411 	1051.7389 	3730.0230 	1008.9103 	413.6703 	3010.6913 	4329.9013 	3119.1853 	1252.3103 	1048.8603 	2253.8325 	2171.9103 	1506.1525 	2141.3103 	846.4397 	4808.2103 	238.9257 	1158.0603 	5807.3103 	2878.6992 	649.5484 	4119.1675 	1484.3103 	3939.2603 	5095.4353 	6616.8103 	2233.9103 	5738.0103 	6263.9103 	6391.5103 	7194.3103 	7506.6437 	6731.3103 
9	6059.0417 	4012.6299 	1815.1955 	1209.1845 	4239.3333 	1922.1417 	2315.9792 	688.7313 	0.0000 	2380.0917 	6786.1369 	4480.1326 	3807.2639 	4348.7012 	2027.0833 	3284.4263 	3287.5737 	10692.1012 	5900.5583 	12254.9583 	331.9083 	9667.7325 	411.0417 	5042.0963 	341.7917 	666.5917 	8325.7083 	22.5760 	1592.7183 	4631.0636 	846.8155 	1567.5801 	1508.0417 	2189.4583 	1102.1217 	724.9364 	1834.0583 	9067.8472 	2462.6856 	2518.7083 	6080.2724 	1740.4702 	3041.2917 	1697.6417 	1102.4017 	3699.4226 	5018.6326 	3807.9167 	1941.0417 	1737.5917 	1565.1012 	2860.6417 	2194.8838 	2830.0417 	157.7083 	5496.9417 	927.6571 	1846.7917 	6496.0417 	3567.4306 	1338.2798 	4807.8988 	2173.0417 	4627.9917 	5784.1667 	7305.5417 	2922.6417 	6426.7417 	6952.6417 	7080.2417 	7883.0417 	8195.3750 	7420.0417 
10	8439.1333 	6392.7216 	4195.2872 	3589.2762 	6619.4250 	4302.2333 	4696.0708 	3068.8230 	2380.0917 	0.0000 	9166.2286 	6860.2242 	6187.3556 	1968.6095 	353.0083 	5664.5179 	907.4821 	8312.0095 	3520.4667 	9874.8667 	2048.1833 	7287.6409 	2791.1333 	2662.0046 	2038.3000 	3046.6833 	5945.6167 	2357.5157 	787.3733 	2250.9719 	1533.2762 	3947.6718 	3888.1333 	4569.5500 	3482.2133 	3105.0281 	546.0333 	6687.7556 	82.5940 	4898.8000 	8460.3641 	4120.5619 	661.2000 	4077.7333 	3482.4933 	6079.5143 	7398.7242 	6188.0083 	4321.1333 	4117.6833 	814.9905 	5240.7333 	4574.9754 	5210.1333 	2222.3833 	7877.0333 	3307.7487 	4226.8833 	8876.1333 	5947.5222 	3718.3714 	7187.9905 	4553.1333 	7008.0833 	8164.2583 	9685.6333 	5302.7333 	8806.8333 	9332.7333 	9460.3333 	10263.1333 	10575.4667 	9800.1333 
11	727.0952 	2773.5070 	4970.9414 	5576.9524 	2546.8036 	4863.9952 	4470.1577 	6097.4056 	6786.1369 	9166.2286 	0.0000 	2306.0043 	2978.8730 	11134.8381 	8813.2202 	3501.7106 	10073.7106 	17478.2381 	12686.6952 	19041.0952 	7118.0452 	16453.8694 	6375.0952 	11828.2332 	7127.9286 	6119.5452 	15111.8452 	6808.7129 	8378.8552 	11417.2005 	7632.9524 	5218.5568 	5278.0952 	4596.6786 	5684.0152 	6061.2005 	8620.1952 	15853.9841 	9248.8225 	4267.4286 	705.8645 	5045.6667 	9827.4286 	5088.4952 	5683.7352 	3086.7143 	1767.5043 	2978.2202 	4845.0952 	5048.5452 	8351.2381 	3925.4952 	4591.2531 	3956.0952 	6943.8452 	1289.1952 	5858.4799 	4939.3452 	290.0952 	3218.7064 	5447.8571 	1978.2381 	4613.0952 	2158.1452 	1001.9702 	519.4048 	3863.4952 	359.3952 	166.5048 	294.1048 	1096.9048 	1409.2381 	633.9048 
12	1578.9091 	467.5027 	2664.9371 	3270.9481 	240.7992 	2557.9909 	2164.1534 	3791.4013 	4480.1326 	6860.2242 	2306.0043 	0.0000 	672.8687 	8828.8338 	6507.2159 	1195.7063 	7767.7063 	15172.2338 	10380.6909 	16735.0909 	4812.0409 	14147.8651 	4069.0909 	9522.2288 	4821.9242 	3813.5409 	12805.8409 	4502.7086 	6072.8509 	9111.1962 	5326.9481 	2912.5524 	2972.0909 	2290.6742 	3378.0109 	3755.1962 	6314.1909 	13547.9798 	6942.8182 	1961.4242 	1600.1399 	2739.6623 	7521.4242 	2782.4909 	3377.7309 	780.7100 	538.5000 	672.2159 	2539.0909 	2742.5409 	6045.2338 	1619.4909 	2285.2488 	1650.0909 	4637.8409 	1016.8091 	3552.4755 	2633.3409 	2015.9091 	912.7020 	3141.8528 	327.7662 	2307.0909 	147.8591 	1304.0341 	2825.4091 	1557.4909 	1946.6091 	2472.5091 	2600.1091 	3402.9091 	3715.2424 	2939.9091 
13	2251.7778 	205.3660 	1992.0684 	2598.0794 	432.0694 	1885.1222 	1491.2847 	3118.5326 	3807.2639 	6187.3556 	2978.8730 	672.8687 	0.0000 	8155.9651 	5834.3472 	522.8376 	7094.8376 	14499.3651 	9707.8222 	16062.2222 	4139.1722 	13474.9964 	3396.2222 	8849.3602 	4149.0556 	3140.6722 	12132.9722 	3829.8399 	5399.9822 	8438.3275 	4654.0794 	2239.6838 	2299.2222 	1617.8056 	2705.1422 	3082.3275 	5641.3222 	12875.1111 	6269.9495 	1288.5556 	2273.0085 	2066.7937 	6848.5556 	2109.6222 	2704.8622 	107.8413 	1211.3687 	0.6549 	1866.2222 	2069.6722 	5372.3651 	946.6222 	1612.3801 	977.2222 	3964.9722 	1689.6778 	2879.6068 	1960.4722 	2688.7778 	239.8333 	2468.9841 	1000.6349 	1634.2222 	820.7278 	1976.9028 	3498.2778 	884.6222 	2619.4778 	3145.3778 	3272.9778 	4075.7778 	4388.1111 	3612.7778 
14	10407.7429 	8361.3311 	6163.8967 	5557.8857 	8588.0345 	6270.8429 	6664.6804 	5037.4325 	4348.7012 	1968.6095 	11134.8381 	8828.8338 	8155.9651 	0.0000 	2321.6179 	7633.1275 	1061.1275 	6343.4000 	1551.8571 	7906.2571 	4016.7929 	5319.0313 	4759.7429 	693.3951 	4006.9095 	5015.2929 	3977.0071 	4326.1252 	2755.9829 	282.3624 	3501.8857 	5916.2813 	5856.7429 	6538.1595 	5450.8229 	5073.6376 	2514.6429 	4719.1460 	1886.0156 	6867.4095 	10428.9736 	6089.1714 	1307.4095 	6046.3429 	5451.1029 	8048.1238 	9367.3338 	8156.6179 	6289.7429 	6086.2929 	2783.6000 	7209.3429 	6543.5850 	7178.7429 	4190.9929 	9845.6429 	5276.3582 	6195.4929 	10844.7429 	7916.1317 	5686.9810 	9156.6000 	6521.7429 	8976.6929 	10132.8679 	11654.2429 	7271.3429 	10775.4429 	11301.3429 	11428.9429 	12231.7429 	12544.0762 	11768.7429 
15	8086.1250 	6039.7132 	3842.2788 	3236.2679 	6266.4167 	3949.2250 	4343.0625 	2715.8147 	2027.0833 	353.0083 	8813.2202 	6507.2159 	5834.3472 	2321.6179 	0.0000 	5311.5096 	1260.4904 	8665.0179 	3873.4750 	10227.8750 	1695.1750 	7640.6492 	2438.1250 	3015.0129 	1685.2917 	2693.6750 	6298.6250 	2004.5074 	434.3650 	2603.9803 	1180.2679 	3594.6635 	3535.1250 	4216.5417 	3129.2050 	2752.0197 	193.0250 	7040.7639 	435.6023 	4545.7917 	8107.3558 	3767.5536 	1014.2083 	3724.7250 	3129.4850 	5726.5060 	7045.7159 	5835.0000 	3968.1250 	3764.6750 	461.9821 	4887.7250 	4221.9671 	4857.1250 	1869.3750 	7524.0250 	2954.7404 	3873.8750 	8523.1250 	5594.5139 	3365.3631 	6834.9821 	4200.1250 	6655.0750 	7811.2500 	9332.6250 	4949.7250 	8453.8250 	8979.7250 	9107.3250 	9910.1250 	10222.4583 	9447.1250 
16	2774.6154 	728.2036 	1469.2308 	2075.2418 	954.9071 	1362.2846 	968.4471 	2595.6950 	3284.4263 	5664.5179 	3501.7106 	1195.7063 	522.8376 	7633.1275 	5311.5096 	0.0000 	6572.0000 	13976.5275 	9184.9846 	15539.3846 	3616.3346 	12952.1588 	2873.3846 	8326.5225 	3626.2179 	2617.8346 	11610.1346 	3307.0023 	4877.1446 	7915.4899 	4131.2418 	1716.8462 	1776.3846 	1094.9679 	2182.3046 	2559.4899 	5118.4846 	12352.2735 	5747.1119 	765.7179 	2795.8462 	1543.9560 	6325.7179 	1586.7846 	2182.0246 	414.9963 	1734.2063 	523.4904 	1343.3846 	1546.8346 	4849.5275 	423.7846 	1089.5425 	454.3846 	3442.1346 	2212.5154 	2356.7692 	1437.6346 	3211.6154 	283.0043 	1946.1465 	1523.4725 	1111.3846 	1343.5654 	2499.7404 	4021.1154 	361.7846 	3142.3154 	3668.2154 	3795.8154 	4598.6154 	4910.9487 	4135.6154 
17	9346.6154 	7300.2036 	5102.7692 	4496.7582 	7526.9071 	5209.7154 	5603.5529 	3976.3050 	3287.5737 	907.4821 	10073.7106 	7767.7063 	7094.8376 	1061.1275 	1260.4904 	6572.0000 	0.0000 	7404.5275 	2612.9846 	8967.3846 	2955.6654 	6380.1588 	3698.6154 	1754.5225 	2945.7821 	3954.1654 	5038.1346 	3264.9977 	1694.8554 	1343.4899 	2440.7582 	4855.1538 	4795.6154 	5477.0321 	4389.6954 	4012.5101 	1453.5154 	5780.2735 	824.8881 	5806.2821 	9367.8462 	5028.0440 	246.2821 	4985.2154 	4389.9754 	6986.9963 	8306.2063 	7095.4904 	5228.6154 	5025.1654 	1722.4725 	6148.2154 	5482.4575 	6117.6154 	3129.8654 	8784.5154 	4215.2308 	5134.3654 	9783.6154 	6855.0043 	4625.8535 	8095.4725 	5460.6154 	7915.5654 	9071.7404 	10593.1154 	6210.2154 	9714.3154 	10240.2154 	10367.8154 	11170.6154 	11482.9487 	10707.6154 
18	16751.1429 	14704.7311 	12507.2967 	11901.2857 	14931.4345 	12614.2429 	13008.0804 	11380.8325 	10692.1012 	8312.0095 	17478.2381 	15172.2338 	14499.3651 	6343.4000 	8665.0179 	13976.5275 	7404.5275 	0.0000 	4791.5429 	1562.8571 	10360.1929 	1024.3687 	11103.1429 	5650.0049 	10350.3095 	11358.6929 	2366.3929 	10669.5252 	9099.3829 	6061.0376 	9845.2857 	12259.6813 	12200.1429 	12881.5595 	11794.2229 	11417.0376 	8858.0429 	1624.2540 	8229.4156 	13210.8095 	16772.3736 	12432.5714 	7650.8095 	12389.7429 	11794.5029 	14391.5238 	15710.7338 	14500.0179 	12633.1429 	12429.6929 	9127.0000 	13552.7429 	12886.9850 	13522.1429 	10534.3929 	16189.0429 	11619.7582 	12538.8929 	17188.1429 	14259.5318 	12030.3810 	15500.0000 	12865.1429 	15320.0929 	16476.2679 	17997.6429 	13614.7429 	17118.8429 	17644.7429 	17772.3429 	18575.1429 	18887.4762 	18112.1429 
19	11959.6000 	9913.1882 	7715.7538 	7109.7429 	10139.8917 	7822.7000 	8216.5375 	6589.2897 	5900.5583 	3520.4667 	12686.6952 	10380.6909 	9707.8222 	1551.8571 	3873.4750 	9184.9846 	2612.9846 	4791.5429 	0.0000 	6354.4000 	5568.6500 	3767.1742 	6311.6000 	858.4621 	5558.7667 	6567.1500 	2425.1500 	5877.9824 	4307.8400 	1269.4947 	5053.7429 	7468.1385 	7408.6000 	8090.0167 	7002.6800 	6625.4947 	4066.5000 	3167.2889 	3437.8727 	8419.2667 	11980.8308 	7641.0286 	2859.2667 	7598.2000 	7002.9600 	9599.9810 	10919.1909 	9708.4750 	7841.6000 	7638.1500 	4335.4571 	8761.2000 	8095.4421 	8730.6000 	5742.8500 	11397.5000 	6828.2154 	7747.3500 	12396.6000 	9467.9889 	7238.8381 	10708.4571 	8073.6000 	10528.5500 	11684.7250 	13206.1000 	8823.2000 	12327.3000 	12853.2000 	12980.8000 	13783.6000 	14095.9333 	13320.6000 
20	18314.0000 	16267.5882 	14070.1539 	13464.1429 	16494.2917 	14177.1000 	14570.9375 	12943.6897 	12254.9583 	9874.8667 	19041.0952 	16735.0909 	16062.2222 	7906.2571 	10227.8750 	15539.3846 	8967.3846 	1562.8571 	6354.4000 	0.0000 	11923.0500 	2587.2258 	12666.0000 	7212.8621 	11913.1667 	12921.5500 	3929.2500 	12232.3824 	10662.2400 	7623.8947 	11408.1429 	13822.5385 	13763.0000 	14444.4167 	13357.0800 	12979.8947 	10420.9000 	3187.1111 	9792.2727 	14773.6667 	18335.2308 	13995.4286 	9213.6667 	13952.6000 	13357.3600 	15954.3810 	17273.5909 	16062.8750 	14196.0000 	13992.5500 	10689.8571 	15115.6000 	14449.8421 	15085.0000 	12097.2500 	17751.9000 	13182.6154 	14101.7500 	18751.0000 	15822.3889 	13593.2381 	17062.8571 	14428.0000 	16882.9500 	18039.1250 	19560.5000 	15177.6000 	18681.7000 	19207.6000 	19335.2000 	20138.0000 	20450.3333 	19675.0000 
21	6390.9500 	4344.5382 	2147.1038 	1541.0929 	4571.2417 	2254.0500 	2647.8875 	1020.6397 	331.9083 	2048.1833 	7118.0452 	4812.0409 	4139.1722 	4016.7929 	1695.1750 	3616.3346 	2955.6654 	10360.1929 	5568.6500 	11923.0500 	0.0000 	9335.8242 	742.9500 	4710.1879 	9.8834 	998.5000 	7993.8000 	309.3324 	1260.8100 	4299.1553 	514.9071 	1899.4885 	1839.9500 	2521.3667 	1434.0300 	1056.8447 	1502.1500 	8735.9389 	2130.7773 	2850.6167 	6412.1808 	2072.3786 	2709.3833 	2029.5500 	1434.3100 	4031.3310 	5350.5409 	4139.8250 	2272.9500 	2069.5000 	1233.1929 	3192.5500 	2526.7921 	3161.9500 	174.2000 	5828.8500 	1259.5654 	2178.7000 	6827.9500 	3899.3389 	1670.1881 	5139.8071 	2504.9500 	4959.9000 	6116.0750 	7637.4500 	3254.5500 	6758.6500 	7284.5500 	7412.1500 	8214.9500 	8527.2833 	7751.9500 
22	15726.7742 	13680.3624 	11482.9280 	10876.9171 	13907.0659 	11589.8742 	11983.7117 	10356.4639 	9667.7325 	7287.6409 	16453.8694 	14147.8651 	13474.9964 	5319.0313 	7640.6492 	12952.1588 	6380.1588 	1024.3687 	3767.1742 	2587.2258 	9335.8242 	0.0000 	10078.7742 	4625.6363 	9325.9409 	10334.3242 	1342.0242 	9645.1565 	8075.0142 	5036.6689 	8820.9171 	11235.3127 	11175.7742 	11857.1909 	10769.8542 	10392.6689 	7833.6742 	599.8853 	7205.0469 	12186.4409 	15748.0050 	11408.2028 	6626.4409 	11365.3742 	10770.1342 	13367.1552 	14686.3651 	13475.6492 	11608.7742 	11405.3242 	8102.6313 	12528.3742 	11862.6163 	12497.7742 	9510.0242 	15164.6742 	10595.3896 	11514.5242 	16163.7742 	13235.1631 	11006.0123 	14475.6313 	11840.7742 	14295.7242 	15451.8992 	16973.2742 	12590.3742 	16094.4742 	16620.3742 	16747.9742 	17550.7742 	17863.1075 	17087.7742 
23	5648.0000 	3601.5882 	1404.1538 	798.1429 	3828.2917 	1511.1000 	1904.9375 	277.6897 	411.0417 	2791.1333 	6375.0952 	4069.0909 	3396.2222 	4759.7429 	2438.1250 	2873.3846 	3698.6154 	11103.1429 	6311.6000 	12666.0000 	742.9500 	10078.7742 	0.0000 	5453.1379 	752.8333 	255.5500 	8736.7500 	433.6176 	2003.7600 	5042.1053 	1257.8571 	1156.5385 	1097.0000 	1778.4167 	691.0800 	313.8947 	2245.1000 	9478.8889 	2873.7273 	2107.6667 	5669.2308 	1329.4286 	3452.3333 	1286.6000 	691.3600 	3288.3810 	4607.5909 	3396.8750 	1530.0000 	1326.5500 	1976.1429 	2449.6000 	1783.8421 	2419.0000 	568.7500 	5085.9000 	516.6154 	1435.7500 	6085.0000 	3156.3889 	927.2381 	4396.8571 	1762.0000 	4216.9500 	5373.1250 	6894.5000 	2511.6000 	6015.7000 	6541.6000 	6669.2000 	7472.0000 	7784.3333 	7009.0000 
24	11101.1379 	9054.7262 	6857.2918 	6251.2808 	9281.4296 	6964.2379 	7358.0754 	5730.8276 	5042.0963 	2662.0046 	11828.2332 	9522.2288 	8849.3602 	693.3951 	3015.0129 	8326.5225 	1754.5225 	5650.0049 	858.4621 	7212.8621 	4710.1879 	4625.6363 	5453.1379 	0.0000 	4700.3046 	5708.6879 	3283.6121 	5019.5203 	3449.3779 	411.0327 	4195.2808 	6609.6764 	6550.1379 	7231.5546 	6144.2179 	5767.0327 	3208.0379 	4025.7510 	2579.4107 	7560.8046 	11122.3687 	6782.5665 	2000.8046 	6739.7379 	6144.4979 	8741.5189 	10060.7288 	8850.0129 	6983.1379 	6779.6879 	3476.9951 	7902.7379 	7236.9800 	7872.1379 	4884.3879 	10539.0379 	5969.7533 	6888.8879 	11538.1379 	8609.5268 	6380.3760 	9849.9951 	7215.1379 	9670.0879 	10826.2629 	12347.6379 	7964.7379 	11468.8379 	11994.7379 	12122.3379 	12925.1379 	13237.4713 	12462.1379 
25	6400.8333 	4354.4216 	2156.9872 	1550.9762 	4581.1250 	2263.9333 	2657.7708 	1030.5230 	341.7917 	2038.3000 	7127.9286 	4821.9242 	4149.0556 	4006.9095 	1685.2917 	3626.2179 	2945.7821 	10350.3095 	5558.7667 	11913.1667 	9.8834 	9325.9409 	752.8333 	4700.3046 	0.0000 	1008.3833 	7983.9167 	319.2157 	1250.9267 	4289.2719 	505.0238 	1909.3718 	1849.8333 	2531.2500 	1443.9133 	1066.7281 	1492.2667 	8726.0556 	2120.8939 	2860.5000 	6422.0641 	2082.2619 	2699.5000 	2039.4333 	1444.1933 	4041.2143 	5360.4242 	4149.7083 	2282.8333 	2079.3833 	1223.3095 	3202.4333 	2536.6754 	3171.8333 	184.0833 	5838.7333 	1269.4487 	2188.5833 	6837.8333 	3909.2222 	1680.0714 	5149.6905 	2514.8333 	4969.7833 	6125.9583 	7647.3333 	3264.4333 	6768.5333 	7294.4333 	7422.0333 	8224.8333 	8537.1667 	7761.8333 
26	5392.4500 	3346.0382 	1148.6038 	542.5929 	3572.7417 	1255.5500 	1649.3875 	22.1398 	666.5917 	3046.6833 	6119.5452 	3813.5409 	3140.6722 	5015.2929 	2693.6750 	2617.8346 	3954.1654 	11358.6929 	6567.1500 	12921.5500 	998.5000 	10334.3242 	255.5500 	5708.6879 	1008.3833 	0.0000 	8992.3000 	689.1676 	2259.3100 	5297.6553 	1513.4071 	900.9885 	841.4500 	1522.8667 	435.5300 	58.3447 	2500.6500 	9734.4389 	3129.2773 	1852.1167 	5413.6808 	1073.8786 	3707.8833 	1031.0500 	435.8100 	3032.8310 	4352.0409 	3141.3250 	1274.4500 	1071.0000 	2231.6929 	2194.0500 	1528.2921 	2163.4500 	824.3000 	4830.3500 	261.0654 	1180.2000 	5829.4500 	2900.8389 	671.6881 	4141.3071 	1506.4500 	3961.4000 	5117.5750 	6638.9500 	2256.0500 	5760.1500 	6286.0500 	6413.6500 	7216.4500 	7528.7833 	6753.4500 
27	14384.7500 	12338.3382 	10140.9039 	9534.8929 	12565.0417 	10247.8500 	10641.6875 	9014.4397 	8325.7083 	5945.6167 	15111.8452 	12805.8409 	12132.9722 	3977.0071 	6298.6250 	11610.1346 	5038.1346 	2366.3929 	2425.1500 	3929.2500 	7993.8000 	1342.0242 	8736.7500 	3283.6121 	7983.9167 	8992.3000 	0.0000 	8303.1324 	6732.9900 	3694.6447 	7478.8929 	9893.2885 	9833.7500 	10515.1667 	9427.8300 	9050.6447 	6491.6500 	742.1389 	5863.0227 	10844.4167 	14405.9808 	10066.1786 	5284.4167 	10023.3500 	9428.1100 	12025.1310 	13344.3409 	12133.6250 	10266.7500 	10063.3000 	6760.6071 	11186.3500 	10520.5921 	11155.7500 	8168.0000 	13822.6500 	9253.3654 	10172.5000 	14821.7500 	11893.1389 	9663.9881 	13133.6071 	10498.7500 	12953.7000 	14109.8750 	15631.2500 	11248.3500 	14752.4500 	15278.3500 	15405.9500 	16208.7500 	16521.0833 	15745.7500 
28	6081.6176 	4035.2059 	1837.7715 	1231.7605 	4261.9093 	1944.7176 	2338.5551 	711.3073 	22.5760 	2357.5157 	6808.7129 	4502.7086 	3829.8399 	4326.1252 	2004.5074 	3307.0023 	3264.9977 	10669.5252 	5877.9824 	12232.3824 	309.3324 	9645.1565 	433.6176 	5019.5203 	319.2157 	689.1676 	8303.1324 	0.0000 	1570.1424 	4608.4876 	824.2395 	1590.1561 	1530.6176 	2212.0343 	1124.6976 	747.5124 	1811.4824 	9045.2712 	2440.1096 	2541.2843 	6102.8484 	1763.0462 	3018.7157 	1720.2176 	1124.9776 	3721.9986 	5041.2086 	3830.4926 	1963.6176 	1760.1676 	1542.5252 	2883.2176 	2217.4598 	2852.6176 	135.1324 	5519.5176 	950.2330 	1869.3676 	6518.6176 	3590.0065 	1360.8557 	4830.4748 	2195.6176 	4650.5676 	5806.7426 	7328.1176 	2945.2176 	6449.3176 	6975.2176 	7102.8176 	7905.6176 	8217.9510 	7442.6176 
29	7651.7600 	5605.3482 	3407.9138 	2801.9029 	5832.0517 	3514.8600 	3908.6975 	2281.4497 	1592.7183 	787.3733 	8378.8552 	6072.8509 	5399.9822 	2755.9829 	434.3650 	4877.1446 	1694.8554 	9099.3829 	4307.8400 	10662.2400 	1260.8100 	8075.0142 	2003.7600 	3449.3779 	1250.9267 	2259.3100 	6732.9900 	1570.1424 	0.0000 	3038.3453 	745.9029 	3160.2985 	3100.7600 	3782.1767 	2694.8400 	2317.6547 	241.3400 	7475.1289 	869.9673 	4111.4267 	7672.9908 	3333.1886 	1448.5733 	3290.3600 	2695.1200 	5292.1410 	6611.3509 	5400.6350 	3533.7600 	3330.3100 	27.6172 	4453.3600 	3787.6021 	4422.7600 	1435.0100 	7089.6600 	2520.3754 	3439.5100 	8088.7600 	5160.1489 	2930.9981 	6400.6171 	3765.7600 	6220.7100 	7376.8850 	8898.2600 	4515.3600 	8019.4600 	8545.3600 	8672.9600 	9475.7600 	9788.0933 	9012.7600 
30	10690.1053 	8643.6935 	6446.2591 	5840.2481 	8870.3969 	6553.2053 	6947.0428 	5319.7949 	4631.0636 	2250.9719 	11417.2005 	9111.1962 	8438.3275 	282.3624 	2603.9803 	7915.4899 	1343.4899 	6061.0376 	1269.4947 	7623.8947 	4299.1553 	5036.6689 	5042.1053 	411.0327 	4289.2719 	5297.6553 	3694.6447 	4608.4876 	3038.3453 	0.0000 	3784.2481 	6198.6437 	6139.1053 	6820.5219 	5733.1853 	5356.0000 	2797.0053 	4436.7836 	2168.3780 	7149.7719 	10711.3360 	6371.5338 	1589.7719 	6328.7053 	5733.4653 	8330.4862 	9649.6962 	8438.9803 	6572.1053 	6368.6553 	3065.9624 	7491.7053 	6825.9474 	7461.1053 	4473.3553 	10128.0053 	5558.7206 	6477.8553 	11127.1053 	8198.4942 	5969.3434 	9438.9624 	6804.1053 	9259.0553 	10415.2303 	11936.6053 	7553.7053 	11057.8053 	11583.7053 	11711.3053 	12514.1053 	12826.4386 	12051.1053 
31	6905.8571 	4859.4454 	2662.0110 	2056.0000 	5086.1488 	2768.9571 	3162.7946 	1535.5468 	846.8155 	1533.2762 	7632.9524 	5326.9481 	4654.0794 	3501.8857 	1180.2679 	4131.2418 	2440.7582 	9845.2857 	5053.7429 	11408.1429 	514.9071 	8820.9171 	1257.8571 	4195.2808 	505.0238 	1513.4071 	7478.8929 	824.2395 	745.9029 	3784.2481 	0.0000 	2414.3956 	2354.8571 	3036.2738 	1948.9371 	1571.7519 	987.2429 	8221.0317 	1615.8701 	3365.5238 	6927.0879 	2587.2857 	2194.4762 	2544.4571 	1949.2171 	4546.2381 	5865.4481 	4654.7321 	2787.8571 	2584.4071 	718.2857 	3707.4571 	3041.6992 	3676.8571 	689.1071 	6343.7571 	1774.4725 	2693.6071 	7342.8571 	4414.2460 	2185.0952 	5654.7143 	3019.8571 	5474.8071 	6630.9821 	8152.3571 	3769.4571 	7273.5571 	7799.4571 	7927.0571 	8729.8571 	9042.1905 	8266.8571 
32	4491.4615 	2445.0498 	247.6154 	358.3956 	2671.7532 	354.5615 	748.3990 	878.8488 	1567.5801 	3947.6718 	5218.5568 	2912.5524 	2239.6838 	5916.2813 	3594.6635 	1716.8462 	4855.1538 	12259.6813 	7468.1385 	13822.5385 	1899.4885 	11235.3127 	1156.5385 	6609.6764 	1909.3718 	900.9885 	9893.2885 	1590.1561 	3160.2985 	6198.6437 	2414.3956 	0.0000 	59.5385 	621.8782 	465.4585 	842.6437 	3401.6385 	10635.4274 	4030.2657 	951.1282 	4512.6923 	172.8901 	4608.8718 	130.0615 	465.1785 	2131.8425 	3451.0524 	2240.3365 	373.4615 	170.0115 	3132.6813 	1293.0615 	627.3036 	1262.4615 	1725.2885 	3929.3615 	639.9231 	279.2115 	4928.4615 	1999.8504 	229.3004 	3240.3187 	605.4615 	3060.4115 	4216.5865 	5737.9615 	1355.0615 	4859.1615 	5385.0615 	5512.6615 	6315.4615 	6627.7949 	5852.4615 
33	4551.0000 	2504.5882 	307.1539 	298.8571 	2731.2917 	414.1000 	807.9375 	819.3103 	1508.0417 	3888.1333 	5278.0952 	2972.0909 	2299.2222 	5856.7429 	3535.1250 	1776.3846 	4795.6154 	12200.1429 	7408.6000 	13763.0000 	1839.9500 	11175.7742 	1097.0000 	6550.1379 	1849.8333 	841.4500 	9833.7500 	1530.6176 	3100.7600 	6139.1053 	2354.8571 	59.5385 	0.0000 	681.4167 	405.9200 	783.1053 	3342.1000 	10575.8889 	3970.7273 	1010.6667 	4572.2308 	232.4286 	4549.3333 	189.6000 	405.6400 	2191.3810 	3510.5909 	2299.8750 	433.0000 	229.5500 	3073.1429 	1352.6000 	686.8421 	1322.0000 	1665.7500 	3988.9000 	580.3846 	338.7500 	4988.0000 	2059.3889 	169.7619 	3299.8571 	665.0000 	3119.9500 	4276.1250 	5797.5000 	1414.6000 	4918.7000 	5444.6000 	5572.2000 	6375.0000 	6687.3333 	5912.0000 
34	3869.5833 	1823.1716 	374.2628 	980.2738 	2049.8750 	267.3167 	126.5209 	1500.7270 	2189.4583 	4569.5500 	4596.6786 	2290.6742 	1617.8056 	6538.1595 	4216.5417 	1094.9679 	5477.0321 	12881.5595 	8090.0167 	14444.4167 	2521.3667 	11857.1909 	1778.4167 	7231.5546 	2531.2500 	1522.8667 	10515.1667 	2212.0343 	3782.1767 	6820.5219 	3036.2738 	621.8782 	681.4167 	0.0000 	1087.3367 	1464.5219 	4023.5167 	11257.3056 	4652.1439 	329.2500 	3890.8141 	448.9881 	5230.7500 	491.8167 	1087.0567 	1509.9643 	2829.1742 	1618.4583 	248.4167 	451.8667 	3754.5595 	671.1833 	5.4255 	640.5833 	2347.1667 	3307.4833 	1261.8013 	342.6667 	4306.5833 	1377.9722 	851.1786 	2618.4405 	16.4167 	2438.5333 	3594.7083 	5116.0833 	733.1833 	4237.2833 	4763.1833 	4890.7833 	5693.5833 	6005.9167 	5230.5833 
35	4956.9200 	2910.5082 	713.0738 	107.0629 	3137.2117 	820.0200 	1213.8575 	413.3903 	1102.1217 	3482.2133 	5684.0152 	3378.0109 	2705.1422 	5450.8229 	3129.2050 	2182.3046 	4389.6954 	11794.2229 	7002.6800 	13357.0800 	1434.0300 	10769.8542 	691.0800 	6144.2179 	1443.9133 	435.5300 	9427.8300 	1124.6976 	2694.8400 	5733.1853 	1948.9371 	465.4585 	405.9200 	1087.3367 	0.0000 	377.1853 	2936.1800 	10169.9689 	3564.8073 	1416.5867 	4978.1508 	638.3486 	4143.4133 	595.5200 	0.2803 	2597.3010 	3916.5109 	2705.7950 	838.9200 	635.4700 	2667.2229 	1758.5200 	1092.7621 	1727.9200 	1259.8300 	4394.8200 	174.4646 	744.6700 	5393.9200 	2465.3089 	236.1581 	3705.7771 	1070.9200 	3525.8700 	4682.0450 	6203.4200 	1820.5200 	5324.6200 	5850.5200 	5978.1200 	6780.9200 	7093.2533 	6317.9200 
36	5334.1053 	3287.6935 	1090.2591 	484.2481 	3514.3969 	1197.2053 	1591.0428 	36.2051 	724.9364 	3105.0281 	6061.2005 	3755.1962 	3082.3275 	5073.6376 	2752.0197 	2559.4899 	4012.5101 	11417.0376 	6625.4947 	12979.8947 	1056.8447 	10392.6689 	313.8947 	5767.0327 	1066.7281 	58.3447 	9050.6447 	747.5124 	2317.6547 	5356.0000 	1571.7519 	842.6437 	783.1053 	1464.5219 	377.1853 	0.0000 	2558.9947 	9792.7836 	3187.6220 	1793.7719 	5355.3360 	1015.5338 	3766.2281 	972.7053 	377.4653 	2974.4862 	4293.6962 	3082.9803 	1216.1053 	1012.6553 	2290.0376 	2135.7053 	1469.9474 	2105.1053 	882.6447 	4772.0053 	202.7206 	1121.8553 	5771.1053 	2842.4942 	613.3434 	4082.9624 	1448.1053 	3903.0553 	5059.2303 	6580.6053 	2197.7053 	5701.8053 	6227.7053 	6355.3053 	7158.1053 	7470.4386 	6695.1053 
37	7893.1000 	5846.6882 	3649.2538 	3043.2429 	6073.3917 	3756.2000 	4150.0375 	2522.7897 	1834.0583 	546.0333 	8620.1952 	6314.1909 	5641.3222 	2514.6429 	193.0250 	5118.4846 	1453.5154 	8858.0429 	4066.5000 	10420.9000 	1502.1500 	7833.6742 	2245.1000 	3208.0379 	1492.2667 	2500.6500 	6491.6500 	1811.4824 	241.3400 	2797.0053 	987.2429 	3401.6385 	3342.1000 	4023.5167 	2936.1800 	2558.9947 	0.0000 	7233.7889 	628.6273 	4352.7667 	7914.3308 	3574.5286 	1207.2333 	3531.7000 	2936.4600 	5533.4810 	6852.6909 	5641.9750 	3775.1000 	3571.6500 	268.9571 	4694.7000 	4028.9421 	4664.1000 	1676.3500 	7331.0000 	2761.7154 	3680.8500 	8330.1000 	5401.4889 	3172.3381 	6641.9571 	4007.1000 	6462.0500 	7618.2250 	9139.6000 	4756.7000 	8260.8000 	8786.7000 	8914.3000 	9717.1000 	10029.4333 	9254.1000 
38	15126.8889 	13080.4771 	10883.0427 	10277.0318 	13307.1806 	10989.9889 	11383.8264 	9756.5785 	9067.8472 	6687.7556 	15853.9841 	13547.9798 	12875.1111 	4719.1460 	7040.7639 	12352.2735 	5780.2735 	1624.2540 	3167.2889 	3187.1111 	8735.9389 	599.8853 	9478.8889 	4025.7510 	8726.0556 	9734.4389 	742.1389 	9045.2712 	7475.1289 	4436.7836 	8221.0317 	10635.4274 	10575.8889 	11257.3056 	10169.9689 	9792.7836 	7233.7889 	0.0000 	6605.1616 	11586.5556 	15148.1197 	10808.3175 	6026.5556 	10765.4889 	10170.2489 	12767.2698 	14086.4798 	12875.7639 	11008.8889 	10805.4389 	7502.7460 	11928.4889 	11262.7310 	11897.8889 	8910.1389 	14564.7889 	9995.5043 	10914.6389 	15563.8889 	12635.2778 	10406.1270 	13875.7460 	11240.8889 	13695.8389 	14852.0139 	16373.3889 	11990.4889 	15494.5889 	16020.4889 	16148.0889 	16950.8889 	17263.2222 	16487.8889 
39	8521.7273 	6475.3155 	4277.8811 	3671.8701 	6702.0189 	4384.8273 	4778.6648 	3151.4169 	2462.6856 	82.5940 	9248.8225 	6942.8182 	6269.9495 	1886.0156 	435.6023 	5747.1119 	824.8881 	8229.4156 	3437.8727 	9792.2727 	2130.7773 	7205.0469 	2873.7273 	2579.4107 	2120.8939 	3129.2773 	5863.0227 	2440.1096 	869.9673 	2168.3780 	1615.8701 	4030.2657 	3970.7273 	4652.1439 	3564.8073 	3187.6220 	628.6273 	6605.1616 	0.0000 	4981.3939 	8542.9580 	4203.1558 	578.6061 	4160.3273 	3565.0873 	6162.1082 	7481.3182 	6270.6023 	4403.7273 	4200.2773 	897.5844 	5323.3273 	4657.5694 	5292.7273 	2304.9773 	7959.6273 	3390.3427 	4309.4773 	8958.7273 	6030.1162 	3800.9654 	7270.5844 	4635.7273 	7090.6773 	8246.8523 	9768.2273 	5385.3273 	8889.4273 	9415.3273 	9542.9273 	10345.7273 	10658.0606 	9882.7273 
40	3540.3333 	1493.9216 	703.5128 	1309.5238 	1720.6250 	596.5667 	202.7292 	1829.9770 	2518.7083 	4898.8000 	4267.4286 	1961.4242 	1288.5556 	6867.4095 	4545.7917 	765.7179 	5806.2821 	13210.8095 	8419.2667 	14773.6667 	2850.6167 	12186.4409 	2107.6667 	7560.8046 	2860.5000 	1852.1167 	10844.4167 	2541.2843 	4111.4267 	7149.7719 	3365.5238 	951.1282 	1010.6667 	329.2500 	1416.5867 	1793.7719 	4352.7667 	11586.5556 	4981.3939 	0.0000 	3561.5641 	778.2381 	5560.0000 	821.0667 	1416.3067 	1180.7143 	2499.9242 	1289.2083 	577.6667 	781.1167 	4083.8095 	341.9333 	323.8246 	311.3333 	2676.4167 	2978.2333 	1591.0513 	671.9167 	3977.3333 	1048.7222 	1180.4286 	2289.1905 	345.6667 	2109.2833 	3265.4583 	4786.8333 	403.9333 	3908.0333 	4433.9333 	4561.5333 	5364.3333 	5676.6667 	4901.3333 
41	21.2310 	2067.6425 	4265.0769 	4871.0879 	1840.9391 	4158.1308 	3764.2933 	5391.5411 	6080.2724 	8460.3641 	705.8645 	1600.1399 	2273.0085 	10428.9736 	8107.3558 	2795.8462 	9367.8462 	16772.3736 	11980.8308 	18335.2308 	6412.1808 	15748.0050 	5669.2308 	11122.3687 	6422.0641 	5413.6808 	14405.9808 	6102.8484 	7672.9908 	10711.3360 	6927.0879 	4512.6923 	4572.2308 	3890.8141 	4978.1508 	5355.3360 	7914.3308 	15148.1197 	8542.9580 	3561.5641 	0.0000 	4339.8022 	9121.5641 	4382.6308 	4977.8708 	2380.8498 	1061.6399 	2272.3558 	4139.2308 	4342.6808 	7645.3736 	3219.6308 	3885.3887 	3250.2308 	6237.9808 	583.3308 	5152.6154 	4233.4808 	415.7692 	2512.8419 	4741.9927 	1272.3736 	3907.2308 	1452.2808 	296.1058 	1225.2692 	3157.6308 	346.4692 	872.3692 	999.9692 	1802.7692 	2115.1026 	1339.7692 
42	4318.5714 	2272.1597 	74.7253 	531.2857 	2498.8631 	181.6714 	575.5089 	1051.7389 	1740.4702 	4120.5619 	5045.6667 	2739.6623 	2066.7937 	6089.1714 	3767.5536 	1543.9560 	5028.0440 	12432.5714 	7641.0286 	13995.4286 	2072.3786 	11408.2028 	1329.4286 	6782.5665 	2082.2619 	1073.8786 	10066.1786 	1763.0462 	3333.1886 	6371.5338 	2587.2857 	172.8901 	232.4286 	448.9881 	638.3486 	1015.5338 	3574.5286 	10808.3175 	4203.1558 	778.2381 	4339.8022 	0.0000 	4781.7619 	42.8286 	638.0686 	1958.9524 	3278.1623 	2067.4464 	200.5714 	2.8787 	3305.5714 	1120.1714 	454.4135 	1089.5714 	1898.1786 	3756.4714 	812.8132 	106.3214 	4755.5714 	1826.9603 	402.1905 	3067.4286 	432.5714 	2887.5214 	4043.6964 	5565.0714 	1182.1714 	4686.2714 	5212.1714 	5339.7714 	6142.5714 	6454.9048 	5679.5714 
43	9100.3333 	7053.9216 	4856.4872 	4250.4762 	7280.6250 	4963.4333 	5357.2708 	3730.0230 	3041.2917 	661.2000 	9827.4286 	7521.4242 	6848.5556 	1307.4095 	1014.2083 	6325.7179 	246.2821 	7650.8095 	2859.2667 	9213.6667 	2709.3833 	6626.4409 	3452.3333 	2000.8046 	2699.5000 	3707.8833 	5284.4167 	3018.7157 	1448.5733 	1589.7719 	2194.4762 	4608.8718 	4549.3333 	5230.7500 	4143.4133 	3766.2281 	1207.2333 	6026.5556 	578.6061 	5560.0000 	9121.5641 	4781.7619 	0.0000 	4738.9333 	4143.6933 	6740.7143 	8059.9242 	6849.2083 	4982.3333 	4778.8833 	1476.1905 	5901.9333 	5236.1754 	5871.3333 	2883.5833 	8538.2333 	3968.9487 	4888.0833 	9537.3333 	6608.7222 	4379.5714 	7849.1905 	5214.3333 	7669.2833 	8825.4583 	10346.8333 	5963.9333 	9468.0333 	9993.9333 	10121.5333 	10924.3333 	11236.6667 	10461.3333 
44	4361.4000 	2314.9882 	117.5539 	488.4571 	2541.6917 	224.5000 	618.3375 	1008.9103 	1697.6417 	4077.7333 	5088.4952 	2782.4909 	2109.6222 	6046.3429 	3724.7250 	1586.7846 	4985.2154 	12389.7429 	7598.2000 	13952.6000 	2029.5500 	11365.3742 	1286.6000 	6739.7379 	2039.4333 	1031.0500 	10023.3500 	1720.2176 	3290.3600 	6328.7053 	2544.4571 	130.0615 	189.6000 	491.8167 	595.5200 	972.7053 	3531.7000 	10765.4889 	4160.3273 	821.0667 	4382.6308 	42.8286 	4738.9333 	0.0000 	595.2400 	2001.7810 	3320.9909 	2110.2750 	243.4000 	39.9500 	3262.7429 	1163.0000 	497.2421 	1132.4000 	1855.3500 	3799.3000 	769.9846 	149.1500 	4798.4000 	1869.7889 	359.3619 	3110.2571 	475.4000 	2930.3500 	4086.5250 	5607.9000 	1225.0000 	4729.1000 	5255.0000 	5382.6000 	6185.4000 	6497.7333 	5722.4000 
45	4956.6400 	2910.2282 	712.7938 	106.7829 	3136.9317 	819.7400 	1213.5775 	413.6703 	1102.4017 	3482.4933 	5683.7352 	3377.7309 	2704.8622 	5451.1029 	3129.4850 	2182.0246 	4389.9754 	11794.5029 	7002.9600 	13357.3600 	1434.3100 	10770.1342 	691.3600 	6144.4979 	1444.1933 	435.8100 	9428.1100 	1124.9776 	2695.1200 	5733.4653 	1949.2171 	465.1785 	405.6400 	1087.0567 	0.2803 	377.4653 	2936.4600 	10170.2489 	3565.0873 	1416.3067 	4977.8708 	638.0686 	4143.6933 	595.2400 	0.0000 	2597.0210 	3916.2309 	2705.5150 	838.6400 	635.1900 	2667.5029 	1758.2400 	1092.4821 	1727.6400 	1260.1100 	4394.5400 	174.7446 	744.3900 	5393.6400 	2465.0289 	235.8781 	3705.4971 	1070.6400 	3525.5900 	4681.7650 	6203.1400 	1820.2400 	5324.3400 	5850.2400 	5977.8400 	6780.6400 	7092.9733 	6317.6400 
46	2359.6191 	313.2073 	1884.2271 	2490.2381 	539.9107 	1777.2810 	1383.4435 	3010.6913 	3699.4226 	6079.5143 	3086.7143 	780.7100 	107.8413 	8048.1238 	5726.5060 	414.9963 	6986.9963 	14391.5238 	9599.9810 	15954.3810 	4031.3310 	13367.1552 	3288.3810 	8741.5189 	4041.2143 	3032.8310 	12025.1310 	3721.9986 	5292.1410 	8330.4862 	4546.2381 	2131.8425 	2191.3810 	1509.9643 	2597.3010 	2974.4862 	5533.4810 	12767.2698 	6162.1082 	1180.7143 	2380.8498 	1958.9524 	6740.7143 	2001.7810 	2597.0210 	0.0000 	1319.2100 	108.4941 	1758.3810 	1961.8310 	5264.5238 	838.7810 	1504.5388 	869.3810 	3857.1310 	1797.5190 	2771.7656 	1852.6310 	2796.6190 	131.9921 	2361.1429 	1108.4762 	1526.3810 	928.5690 	2084.7440 	3606.1190 	776.7810 	2727.3190 	3253.2190 	3380.8190 	4183.6190 	4495.9524 	3720.6190 
47	1040.4091 	1006.0027 	3203.4371 	3809.4481 	779.2992 	3096.4909 	2702.6534 	4329.9013 	5018.6326 	7398.7242 	1767.5043 	538.5000 	1211.3687 	9367.3338 	7045.7159 	1734.2063 	8306.2063 	15710.7338 	10919.1909 	17273.5909 	5350.5409 	14686.3651 	4607.5909 	10060.7288 	5360.4242 	4352.0409 	13344.3409 	5041.2086 	6611.3509 	9649.6962 	5865.4481 	3451.0524 	3510.5909 	2829.1742 	3916.5109 	4293.6962 	6852.6909 	14086.4798 	7481.3182 	2499.9242 	1061.6399 	3278.1623 	8059.9242 	3320.9909 	3916.2309 	1319.2100 	0.0000 	1210.7159 	3077.5909 	3281.0409 	6583.7338 	2157.9909 	2823.7488 	2188.5909 	5176.3409 	478.3091 	4090.9755 	3171.8409 	1477.4091 	1451.2020 	3680.3528 	210.7338 	2845.5909 	390.6409 	765.5341 	2286.9091 	2095.9909 	1408.1091 	1934.0091 	2061.6091 	2864.4091 	3176.7424 	2401.4091 
48	2251.1250 	204.7132 	1992.7212 	2598.7321 	431.4167 	1885.7750 	1491.9375 	3119.1853 	3807.9167 	6188.0083 	2978.2202 	672.2159 	0.6549 	8156.6179 	5835.0000 	523.4904 	7095.4904 	14500.0179 	9708.4750 	16062.8750 	4139.8250 	13475.6492 	3396.8750 	8850.0129 	4149.7083 	3141.3250 	12133.6250 	3830.4926 	5400.6350 	8438.9803 	4654.7321 	2240.3365 	2299.8750 	1618.4583 	2705.7950 	3082.9803 	5641.9750 	12875.7639 	6270.6023 	1289.2083 	2272.3558 	2067.4464 	6849.2083 	2110.2750 	2705.5150 	108.4941 	1210.7159 	0.0000 	1866.8750 	2070.3250 	5373.0179 	947.2750 	1613.0329 	977.8750 	3965.6250 	1689.0250 	2880.2596 	1961.1250 	2688.1250 	240.4861 	2469.6369 	999.9821 	1634.8750 	820.0750 	1976.2500 	3497.6250 	885.2750 	2618.8250 	3144.7250 	3272.3250 	4075.1250 	4387.4583 	3612.1250 
49	4118.0000 	2071.5882 	125.8462 	731.8571 	2298.2917 	18.9001 	374.9375 	1252.3103 	1941.0417 	4321.1333 	4845.0952 	2539.0909 	1866.2222 	6289.7429 	3968.1250 	1343.3846 	5228.6154 	12633.1429 	7841.6000 	14196.0000 	2272.9500 	11608.7742 	1530.0000 	6983.1379 	2282.8333 	1274.4500 	10266.7500 	1963.6176 	3533.7600 	6572.1053 	2787.8571 	373.4615 	433.0000 	248.4167 	838.9200 	1216.1053 	3775.1000 	11008.8889 	4403.7273 	577.6667 	4139.2308 	200.5714 	4982.3333 	243.4000 	838.6400 	1758.3810 	3077.5909 	1866.8750 	0.0000 	203.4500 	3506.1429 	919.6000 	253.8421 	889.0000 	2098.7500 	3555.9000 	1013.3846 	94.2500 	4555.0000 	1626.3889 	602.7619 	2866.8571 	232.0000 	2686.9500 	3843.1250 	5364.5000 	981.6000 	4485.7000 	5011.6000 	5139.2000 	5942.0000 	6254.3333 	5479.0000 
